a 23 33 34 36 
b 25 28 
c 30 
d 34 
e 23 25 30 31 36 37 
f 35 
g 28 
h 28 31 36 
i 23 28 30 
j 
k 24 
l 23 28 
m 
n 28 30 34 37 
o 24 30 
p 37 
q 
r 22 25 27 
s 28 
t 22 25 
u 
v 36 
w 
x 
y 23 
z 
— 39 
“ 40 
” 41 
、 42 
。 43 
《 44 
》 45 
【 46 
】 47 
一 48 49 50 51 52 53 54 55 56 57 58 59 60 61 62 63 64 65 285 617 618 728 
下 48 68 69 70 
个 49 66 96 99 456 524 
些 50 284 492 511 745 
册 51 191 
套 52 675 
定 53 196 335 468 602 688 
本 54 301 302 325 420 501 502 732 
样 55 271 404 761 
次 56 
点 57 551 687 
种 58 124 266 267 283 314 747 
章 59 461 620 
般 60 
节 61 637 
起 62 718 735 
道 63 544 
部 64 176 190 211 311 649 748 762 763 764 
分 64 214 215 216 230 231 419 579 649 748 763 
项 65 269 794 
三 66 67 366 
年 67 97 143 243 365 366 367 525 618 
去 69 247 578 750 
意 70 231 413 414 415 535 
识 70 
不 71 72 73 74 75 76 77 78 79 80 81 82 83 84 85 280 369 396 398 567 737 
以 72 137 138 139 140 141 142 143 261 355 427 
会 73 149 152 604 724 742 
可 74 261 262 355 398 
同 75 271 385 
多 76 312 313 314 320 369 447 697 
妨 77 
必 78 398 399 400 401 
愿 79 
是 80 263 477 478 479 584 663 743 746 
智 81 483 
能 82 227 260 262 400 665 666 667 
论 83 517 615 647 698 699 700 
读 84 199 713 714 715 716 717 718 778 
过 85 736 739 740 
与 86 248 350 
专 87 88 89 90 91 92 
业 87 88 89 94 147 205 528 682 
书 88 89 95 112 113 114 115 200 234 237 290 291 323 454 501 568 
籍 89 114 
人 90 126 127 128 359 
讲 91 506 
题 92 107 777 797 
且 93 370 662 
务 94 169 388 725 
丛 95 
两 96 97 98 
步 98 522 619 
走 98 
中 100 101 113 184 342 
领 101 796 
为 102 155 286 479 485 611 612 690 695 
主 103 104 105 106 107 
要 103 104 105 685 686 768 769 788 
矛 104 
盾 104 
职 105 
责 105 726 
观 106 341 687 
之 108 109 110 328 388 612 
内 108 140 189 190 
后 109 142 273 489 784 
间 110 473 
也 111 
评 115 431 704 705 
买 116 117 729 
到 117 170 225 226 396 412 416 738 
了 118 119 356 
解 119 293 391 561 689 
事 120 127 133 
情 120 411 
于 121 295 347 407 494 571 
亏 122 123 582 680 681 
损 123 439 494 
五 124 620 
京 125 
们 128 135 144 422 
今 129 
天 129 475 
介 130 704 
绍 130 
仍 131 
从 132 133 
他 134 135 185 546 
代 136 
表 136 197 292 436 439 470 683 691 
上 137 302 340 721 
便 138 163 
免 139 
前 141 792 
价 145 146 250 335 
值 145 250 
钱 146 733 
企 147 148 
图 148 290 291 292 293 707 
估 150 705 
计 150 224 573 655 691 692 693 703 
但 151 
体 152 153 187 
现 153 212 337 555 556 557 558 
作 154 155 156 232 333 358 359 679 757 
者 156 425 643 660 716 717 
使 157 158 240 
用 158 223 224 343 374 495 566 567 568 569 640 730 766 
例 159 160 521 526 
外 159 311 
如 160 326 327 
供 161 445 
应 161 374 376 377 378 592 
量 161 319 455 727 728 772 
依 162 
宜 163 
促 164 
进 164 749 750 751 752 
信 165 166 
号 165 264 460 499 
息 166 
修 167 
改 167 
倒 168 
债 169 723 
做 170 
健 171 172 
全 171 175 176 177 
康 172 
像 173 324 361 
充 174 
满 174 
盘 175 
面 177 465 467 792 
公 178 179 
式 178 466 
正 179 519 520 
共 180 
关 181 493 
系 181 459 632 664 
兴 182 801 
趣 182 801 
其 183 184 185 186 
实 186 336 337 338 339 340 597 640 681 776 
具 187 360 
典 188 
型 188 627 
容 189 344 
再 192 
版 192 204 205 206 207 208 209 210 211 366 464 
写 193 194 
给 194 648 
冲 195 
突 195 
决 196 197 391 689 
算 197 224 270 573 692 693 
准 198 513 
确 198 476 520 602 
凡 199 
出 200 201 202 203 204 205 206 207 208 209 210 211 212 213 381 446 449 464 508 693 737 753 
任 201 
名 202 272 298 
处 203 306 307 
发 206 253 254 255 256 753 
行 206 255 356 682 752 
商 207 
家 208 342 343 
物 209 548 715 
社 210 603 604 605 
身 213 217 
析 215 
词 216 706 
切 217 345 
刊 218 277 
则 219 245 274 
创 220 
造 220 
力 220 228 712 
利 221 222 223 224 530 583 635 791 
润 222 635 
机 224 309 573 576 
期 226 278 498 499 599 776 
功 227 
动 228 537 538 539 669 802 
区 229 
别 229 
十 230 231 
注 231 535 
协 232 
单 233 622 694 
位 233 282 
卖 234 235 
掉 235 
印 236 237 238 308 309 441 767 
数 238 455 
危 239 
险 239 799 
即 240 
却 241 
历 242 243 
史 242 263 
原 244 245 246 
文 246 457 458 459 460 461 502 699 
参 248 249 250 
考 249 250 659 
又 251 
反 252 
映 252 
展 253 
掘 254 
货 256 330 774 
取 257 275 276 
得 257 395 396 397 418 677 721 
变 258 
化 258 458 
只 259 260 
各 265 266 267 268 269 
因 267 286 287 288 479 
素 267 287 
类 268 626 627 
合 270 616 645 
否 274 478 666 
听 275 328 
吸 276 
周 277 278 279 280 
转 279 280 
灵 280 
和 281 800 
品 282 283 
哪 284 
唯 285 
而 288 661 662 663 
困 289 
难 289 394 785 
馆 291 
法 293 596 
在 294 295 296 329 336 555 
手 296 429 516 
地 297 298 299 
被 299 684 
培 300 
育 300 
基 301 302 303 
础 303 
增 304 
加 304 
壮 305 
大 305 315 316 317 318 319 510 649 
理 307 559 560 561 607 623 624 643 790 
复 308 309 310 
杂 310 503 
少 313 398 652 672 
学 316 331 332 333 459 606 607 624 
小 317 352 
海 318 
太 320 
头 321 429 
好 322 323 324 325 448 490 
几 325 
何 326 
果 327 451 601 
姑 328 
妄 328 
存 329 330 375 
习 331 
术 332 333 433 434 655 673 
著 333 679 
它 334 
盈 338 582 583 584 681 791 
际 339 340 
客 341 
易 344 
密 345 
对 346 347 348 349 
比 348 526 527 579 
象 349 389 482 557 
导 350 796 
将 351 
尝 353 
试 353 707 
就 354 355 356 
看 355 595 596 
工 357 358 359 360 
员 359 
已 361 556 
市 362 
场 362 
帐 363 
带 364 
来 364 505 506 507 569 693 735 740 
净 367 
并 368 369 370 371 372 
未 371 500 
非 372 789 790 791 
广 373 374 
泛 373 374 
库 375 706 
收 377 450 
该 378 708 
建 379 380 
立 379 615 
议 380 
开 381 382 383 384 
列 382 
始 383 
阔 384 
异 385 
强 386 393 
调 386 
当 387 388 410 593 
急 388 407 
形 389 
影 390 574 575 
响 390 
彻 391 
底 391 
很 392 393 394 
益 397 439 496 585 604 641 
然 399 546 
须 401 
快 402 
忽 403 
视 403 576 
怎 404 
思 405 406 
想 405 412 560 702 
路 406 
性 408 434 549 559 583 647 769 790 
总 409 
结 409 645 646 647 
恰 410 
况 411 
义 413 
向 414 
见 415 
感 416 
懂 417 418 714 
成 419 420 421 601 
长 421 605 776 
我 422 423 
国 423 654 
或 424 425 
所 426 427 428 
有 428 469 491 492 493 494 495 496 497 534 550 801 
才 430 
批 431 
技 432 433 434 
巧 432 
把 435 
报 436 
指 437 
标 437 512 513 587 
按 438 
掌 440 
握 440 
排 441 
推 442 443 
荐 442 
销 443 668 771 772 773 774 
描 444 
绘 444 
提 445 446 447 448 
支 449 
效 451 452 604 641 806 
率 452 527 552 
高 452 803 804 805 806 807 
教 453 454 
材 453 
科 454 606 607 624 
整 456 
献 460 
斯 462 
顿 462 
新 463 464 
闻 464 
署 464 
方 465 466 467 
程 466 470 613 719 
既 468 469 
日 470 
时 471 472 473 474 760 
刻 472 542 
隔 474 
明 475 476 711 807 
普 480 481 
及 480 541 698 
林 481 
景 482 
慧 483 
更 484 485 
曾 486 
最 487 488 489 490 
低 487 782 
佳 488 
限 497 783 
志 503 
条 504 
件 504 
自 505 669 670 
说 507 710 711 712 
杰 508 
极 509 510 
某 511 
根 514 
据 514 
框 515 
架 515 
棘 516 
概 517 
款 518 
额 518 770 773 798 
此 521 
每 523 524 525 
毕 528 529 
竟 529 
毛 530 
水 531 
平 531 
沉 532 
浸 532 
沟 533 
通 533 540 631 
没 534 
洞 536 
察 536 
活 537 565 
流 538 539 540 
资 539 731 732 
产 539 564 731 804 
涉 541 
深 542 
清 543 
晰 543 
渠 544 
火 545 
花 545 674 
熟 547 
悉 547 
质 548 727 728 
特 549 550 551 734 
王 553 
环 554 
境 554 
金 558 770 
甚 562 
至 562 589 671 672 
甜 563 
酸 563 
苦 563 
辣 563 
生 564 565 781 
着 567 598 
由 570 571 
电 572 573 574 575 576 577 
传 572 
子 573 
院 575 
钮 577 
略 578 
百 579 
的 580 581 588 656 
话 581 
监 586 
督 586 
目 587 588 
直 589 
相 590 591 592 593 
互 590 
似 591 
省 594 
真 597 
墨 598 
短 599 
研 600 601 
究 600 601 
管 607 623 624 643 
秩 608 
序 608 
积 609 610 
压 609 
攒 610 
称 611 612 
度 613 751 783 805 
税 614 
负 614 723 
符 616 
第 617 618 619 620 728 
二 619 
等 621 
简 622 
篇 625 
幅 625 
精 628 629 630 631 
神 629 
辟 630 
统 632 
约 633 634 
束 634 
纯 635 
纳 636 
入 636 749 
细 637 709 
经 638 639 640 641 642 643 644 
常 638 789 
济 639 640 641 
营 642 643 678 
验 644 
巴 646 
绝 649 
编 650 651 726 
制 650 
辑 651 
缺 652 
美 653 654 655 656 
设 655 701 702 703 
翻 657 
译 657 
老 658 
板 658 
虑 659 
联 664 
够 667 
脱 668 
己 670 
艺 673 
费 674 730 
若 675 
干 675 
范 676 
围 676 
获 677 
养 678 
虚 680 681 
示 683 
求 686 754 787 
规 688 
誉 690 
划 691 
订 694 
认 695 
记 696 
录 696 780 
许 697 
集 699 
述 700 779 
详 709 
服 712 
群 717 
课 719 
谈 720 721 
贝 722 
财 724 725 
购 729 
赚 733 
赫 734 
伯 734 
超 736 
足 737 
户 737 
达 738 
还 741 742 743 
这 744 745 746 747 748 
迸 753 
追 754 755 
逐 755 
退 756 
休 756 
选 757 
速 758 
兑 758 
遭 759 
致 759 
那 760 761 
门 764 
都 765 
采 766 
重 767 768 769 
售 771 772 773 
错 775 
误 775 
践 776 
问 777 
阅 778 
阐 779 
附 780 
陌 781 
降 782 
随 784 
需 786 787 788 
页 793 
预 795 
言 795 
风 799 
饱 800 
饶 801 
驱 802 
麻 808 
烦 808 
鼓 809 
励 809 
（ 810 
） 811 
＊ 812 
， 813 
： 814 
； 815 
？ 816 
